12 10
50
0.002683 0.002675 0.002694 0.002664 0.002691 0.002676 0.002692 0.002667 0.002669 0.002670 
80
0.007247 0.007272 0.007247 0.007261 0.007239 0.007257 0.007276 0.007263 0.007236 0.007244 
100
0.013106 0.013112 0.013098 0.013123 0.013101 0.013113 0.013101 0.013093 0.013111 0.013105 
200
0.094434 0.095429 0.094552 0.094658 0.094512 0.094645 0.094992 0.094527 0.094524 0.094495 
300
0.285154 0.283980 0.284741 0.284417 0.284579 0.284647 0.284463 0.284958 0.284547 0.284902 
400
0.610901 0.611671 0.612573 0.611018 0.611740 0.611472 0.612170 0.612723 0.612607 0.612126 
500
1.105424 1.107689 1.107641 1.106744 1.105722 1.105687 1.105269 1.114435 1.104973 1.104897 
600
1.776637 1.775123 1.772703 1.774822 1.774056 1.774099 1.772751 1.774717 1.773760 1.773919 
800
3.749265 3.757327 3.752707 3.750637 3.759206 3.757005 3.750930 3.755282 3.759749 3.755603 
1000
6.934714 6.953886 6.935567 6.966104 6.950744 6.963686 6.973525 6.940098 6.945698 6.919417 
1500
20.772961 20.847574 20.771244 20.706640 20.569590 20.480747 20.581406 20.863253 20.676455 20.565243 
2000
42.078657 42.148270 42.105454 42.183061 42.053830 42.170626 41.996950 42.193710 42.068533 41.933543 
