12 10
50
0.002943 0.002878 0.002834 0.002821 0.002827 0.002837 0.002876 0.002796 0.002850 0.002889 
80
0.005830 0.005902 0.005869 0.005854 0.005835 0.005824 0.005869 0.005851 0.005837 0.005869 
100
0.009397 0.009519 0.009417 0.009415 0.009373 0.009312 0.009384 0.009407 0.009371 0.009388 
200
0.040111 0.039997 0.039998 0.040004 0.040085 0.039973 0.040022 0.040106 0.040087 0.040057 
300
0.104440 0.104264 0.104315 0.104297 0.104326 0.104347 0.104198 0.104305 0.104231 0.104541 
400
0.186951 0.186840 0.187124 0.186952 0.187063 0.186855 0.186888 0.187122 0.186945 0.186899 
500
0.315670 0.315984 0.315750 0.315929 0.316020 0.316085 0.316030 0.316641 0.315652 0.315756 
600
0.459457 0.459627 0.459493 0.459474 0.459600 0.459449 0.459689 0.459786 0.459219 0.459423 
800
0.877986 0.876417 0.877046 0.877441 0.876824 0.876866 0.877040 0.876806 0.875747 0.876425 
1000
1.502865 1.503344 1.504298 1.503120 1.504305 1.502692 1.500850 1.502947 1.502578 1.504921 
1500
4.182808 4.189967 4.168656 4.196006 4.207680 4.200317 4.198164 4.201353 4.199864 4.205606 
2000
8.426222 8.599737 8.441959 8.423999 8.430215 8.427720 8.407138 8.430066 8.464994 8.485024 
