12 10
50
0.002505 0.002492 0.002447 0.002407 0.002382 0.002396 0.002477 0.002371 0.002429 0.002456 
80
0.005519 0.005511 0.005547 0.005518 0.005506 0.005519 0.005521 0.005511 0.005515 0.005521 
100
0.009526 0.009489 0.009522 0.009525 0.009551 0.009507 0.009523 0.009589 0.009669 0.009613 
200
0.059895 0.059731 0.060230 0.059929 0.059744 0.061152 0.059800 0.060143 0.059817 0.059757 
300
0.166929 0.167914 0.166551 0.167161 0.166872 0.167066 0.167100 0.167537 0.166735 0.167210 
400
0.342570 0.342911 0.342637 0.342158 0.342288 0.343468 0.342217 0.342961 0.342828 0.342823 
500
0.596952 0.596673 0.597191 0.596955 0.596298 0.596580 0.597882 0.596836 0.596918 0.597589 
600
0.934787 0.936584 0.936953 0.936549 0.935537 0.935220 0.936836 0.936225 0.937164 0.935533 
800
1.918425 1.919664 1.920399 1.931617 1.921358 1.929130 1.919234 1.918264 1.919847 1.917664 
1000
3.416079 3.413640 3.417657 3.411672 3.412815 3.411884 3.418179 3.412848 3.414988 3.411322 
1500
10.239278 10.268758 10.265835 10.206885 10.276393 10.345728 10.264951 10.281579 10.251913 10.274059 
2000
21.029761 20.999962 20.955882 20.957214 21.020619 21.004279 20.991580 20.990281 20.941681 21.085527 
