12 10
50
0.002629 0.002617 0.002666 0.002546 0.002616 0.002601 0.002611 0.002552 0.002638 0.002590 
80
0.005326 0.005412 0.005415 0.005301 0.005359 0.005327 0.005399 0.005360 0.005385 0.005665 
100
0.008583 0.008583 0.008589 0.008602 0.008545 0.008549 0.008566 0.008590 0.008611 0.008511 
200
0.046261 0.046574 0.046351 0.046425 0.046313 0.046419 0.046222 0.046242 0.046933 0.046377 
300
0.116116 0.116228 0.116263 0.117159 0.115888 0.116132 0.116372 0.117087 0.116299 0.116646 
400
0.220482 0.221234 0.220806 0.221208 0.220727 0.221046 0.220818 0.221263 0.220829 0.221025 
500
0.373011 0.373470 0.373241 0.373730 0.372665 0.373593 0.373287 0.373859 0.373116 0.373709 
600
0.566489 0.570998 0.567319 0.567024 0.566735 0.567726 0.566614 0.566506 0.567793 0.566265 
800
1.099762 1.101945 1.099990 1.113800 1.099419 1.099429 1.102208 1.099742 1.099573 1.099263 
1000
1.923541 1.924984 1.924062 1.925838 1.922613 1.923719 1.924123 1.921637 1.920523 1.919737 
1500
5.316165 5.327533 5.357005 5.322535 5.403247 5.345369 5.328703 5.320742 5.344977 5.339547 
2000
11.238716 11.204932 11.213802 11.223801 11.191689 11.212887 11.244750 11.229274 11.195537 11.186785 
