12 10
50
0.002150 0.002065 0.001999 0.002039 0.001996 0.002101 0.002068 0.002059 0.002068 0.002129 
80
0.005266 0.005083 0.005309 0.004881 0.005242 0.004929 0.005080 0.005411 0.004980 0.005261 
100
0.007378 0.007312 0.007430 0.007545 0.007295 0.007706 0.007535 0.007912 0.007640 0.007321 
200
0.019212 0.018872 0.019325 0.019447 0.019808 0.018644 0.019486 0.019669 0.020669 0.021656 
300
0.044501 0.040712 0.038315 0.037033 0.037679 0.039303 0.038013 0.038528 0.039079 0.037773 
400
0.059257 0.056890 0.057705 0.059614 0.058928 0.058401 0.057788 0.060627 0.059730 0.058930 
500
0.087504 0.087551 0.087110 0.090501 0.087230 0.089070 0.087942 0.084874 0.089655 0.088849 
600
0.113173 0.114204 0.115105 0.118596 0.117687 0.118318 0.113513 0.108026 0.116328 0.116881 
800
0.189860 0.192847 0.197533 0.193074 0.193030 0.190897 0.194888 0.188605 0.199476 0.197182 
1000
0.311299 0.308428 0.295883 0.304262 0.289256 0.296861 0.302147 0.304449 0.295495 0.308475 
1500
0.733657 0.725731 0.766618 0.731237 0.732132 0.729845 0.735028 0.736350 0.744248 0.719491 
2000
1.304021 1.302737 1.334183 1.317841 1.309441 1.297207 1.353949 1.370931 1.368131 1.357193 
