12 10
50
0.001722 0.001763 0.001670 0.001689 0.001717 0.001676 0.001642 0.001705 0.001688 0.001942 
80
0.004850 0.004826 0.004907 0.004746 0.004712 0.004796 0.004575 0.004689 0.004831 0.004705 
100
0.007610 0.007805 0.007470 0.007569 0.007373 0.007497 0.007611 0.007469 0.007659 0.007621 
200
0.028995 0.028388 0.027627 0.030185 0.028507 0.028981 0.029276 0.027752 0.029148 0.028725 
300
0.063984 0.061500 0.061724 0.062340 0.062323 0.061766 0.062393 0.063536 0.062359 0.061583 
400
0.106076 0.110578 0.107107 0.106934 0.107774 0.105423 0.106369 0.109358 0.106690 0.101428 
500
0.166531 0.161205 0.168052 0.163001 0.176072 0.169867 0.163638 0.165087 0.165341 0.168066 
600
0.236555 0.239937 0.234561 0.226130 0.232533 0.234569 0.241454 0.228021 0.234147 0.233346 
800
0.437518 0.438231 0.431634 0.437232 0.430915 0.439031 0.422730 0.412696 0.436704 0.423594 
1000
0.710787 0.681645 0.673052 0.700244 0.702589 0.685973 0.692267 0.713258 0.702995 0.700121 
1500
1.752816 1.811172 1.788314 1.827749 1.783040 1.748767 1.762238 1.730942 1.832366 1.762827 
2000
3.311118 3.412537 3.290516 3.374691 3.332954 3.444302 3.358905 3.413153 3.299328 3.347990 
