12 10
50
0.001891 0.001785 0.001763 0.001809 0.001770 0.001739 0.001728 0.001806 0.001787 0.001742 
80
0.004415 0.004524 0.004531 0.004544 0.004542 0.004416 0.004500 0.004326 0.004322 0.004293 
100
0.006590 0.006698 0.006304 0.006866 0.006756 0.006938 0.006479 0.006700 0.006427 0.006603 
200
0.022305 0.021713 0.020998 0.021731 0.021204 0.023615 0.021489 0.021875 0.022500 0.021747 
300
0.043154 0.044139 0.041937 0.042856 0.041670 0.041701 0.042797 0.041667 0.043400 0.042825 
400
0.071495 0.065374 0.066338 0.067678 0.067252 0.070539 0.067590 0.068566 0.067876 0.068543 
500
0.102718 0.102791 0.105683 0.103366 0.106593 0.102881 0.104745 0.108644 0.102330 0.102062 
600
0.142201 0.146185 0.144049 0.141493 0.144169 0.140973 0.138556 0.145531 0.139381 0.140780 
800
0.238412 0.245315 0.242212 0.243333 0.248785 0.240663 0.234188 0.233652 0.239878 0.242025 
1000
0.394823 0.392649 0.402566 0.382731 0.382435 0.376637 0.396313 0.376576 0.402434 0.387349 
1500
0.913861 0.907646 0.864960 0.917665 0.876882 0.915532 0.906116 0.927967 0.908472 0.928643 
2000
1.732680 1.705477 1.756908 1.735232 1.767075 1.824316 1.765801 1.747004 1.700514 1.836406 
