12 10
50
0.001937 0.001801 0.001823 0.001870 0.001920 0.001864 0.002000 0.001830 0.001851 0.001851 
80
0.006182 0.006065 0.006063 0.005968 0.006182 0.006180 0.006110 0.006300 0.006057 0.006158 
100
0.010490 0.009918 0.009936 0.010047 0.009557 0.010179 0.010513 0.009925 0.010293 0.010809 
200
0.045373 0.044047 0.042866 0.045392 0.044521 0.044713 0.044967 0.045027 0.044370 0.045446 
300
0.102474 0.107360 0.103784 0.106532 0.104219 0.101269 0.106981 0.106881 0.104906 0.108646 
400
0.185994 0.188524 0.186553 0.192653 0.185415 0.195127 0.182879 0.194585 0.190061 0.192180 
500
0.301396 0.309398 0.304892 0.316022 0.285808 0.299803 0.313941 0.309218 0.301274 0.297926 
600
0.452995 0.437504 0.447998 0.435503 0.441118 0.444971 0.432812 0.453491 0.449265 0.440351 
800
0.792890 0.845293 0.820331 0.807201 0.803508 0.813852 0.803773 0.799864 0.853962 0.835817 
1000
1.385822 1.378490 1.386145 1.311676 1.385136 1.410175 1.409533 1.362409 1.387555 1.366599 
1500
3.584260 3.519718 3.629780 3.597236 3.620151 3.569302 3.489328 3.658301 3.540890 3.596968 
2000
6.773224 6.518804 6.686950 6.550077 6.599687 6.700515 6.920156 6.673812 6.557000 6.691624 
