12 10
50
0.002044 0.001983 0.001897 0.001870 0.001869 0.001935 0.001961 0.001913 0.001930 0.002040 
80
0.005116 0.004807 0.004930 0.004926 0.004822 0.004894 0.004850 0.004571 0.005031 0.004904 
100
0.007543 0.007227 0.007419 0.007414 0.007237 0.007338 0.007301 0.007495 0.007465 0.007038 
200
0.018780 0.019164 0.019211 0.019487 0.018424 0.019321 0.019504 0.019148 0.018849 0.019331 
300
0.037567 0.038190 0.038429 0.040008 0.039591 0.037553 0.038912 0.038645 0.040231 0.037915 
400
0.058786 0.058847 0.059435 0.057705 0.057299 0.058968 0.057231 0.055910 0.057632 0.056664 
500
0.086390 0.086872 0.088479 0.089083 0.090963 0.085613 0.089287 0.089450 0.083452 0.091463 
600
0.115528 0.116201 0.121024 0.112358 0.116936 0.116599 0.115321 0.112091 0.119704 0.122255 
800
0.195406 0.189375 0.190993 0.192433 0.189923 0.193406 0.195238 0.190366 0.199761 0.186770 
1000
0.301823 0.303479 0.301085 0.297881 0.306981 0.301449 0.308041 0.296516 0.301991 0.301283 
1500
0.694465 0.736439 0.740862 0.744418 0.739722 0.731724 0.725968 0.724534 0.710889 0.709597 
2000
1.322827 1.333665 1.370574 1.299745 1.361573 1.345369 1.331009 1.386063 1.313620 1.332333 
