12 10
50
0.001926 0.001834 0.001883 0.001843 0.001818 0.001835 0.001855 0.001875 0.001827 0.001918 
80
0.004629 0.004969 0.004740 0.004722 0.004748 0.004593 0.004917 0.004718 0.004490 0.004777 
100
0.006933 0.006326 0.006741 0.006710 0.006857 0.006693 0.007003 0.007268 0.006750 0.006750 
200
0.021711 0.021554 0.022987 0.022435 0.022040 0.022231 0.021292 0.022066 0.021991 0.022080 
300
0.042802 0.041769 0.042311 0.044476 0.044309 0.041902 0.043478 0.042584 0.042380 0.042981 
400
0.069664 0.067377 0.069055 0.068475 0.068151 0.069408 0.069364 0.068407 0.070831 0.068678 
500
0.106047 0.105204 0.103365 0.102208 0.108480 0.103090 0.102428 0.106084 0.104972 0.100489 
600
0.138630 0.140930 0.141063 0.138930 0.138905 0.148133 0.141181 0.147116 0.141785 0.144483 
800
0.247770 0.244113 0.242472 0.245939 0.244723 0.237738 0.244525 0.244590 0.235485 0.239333 
1000
0.388498 0.382301 0.389585 0.413785 0.376383 0.375764 0.382376 0.398770 0.392508 0.398711 
1500
0.931775 0.931920 0.908079 0.918935 0.916122 0.892317 0.941467 0.941958 0.935278 0.946508 
2000
1.721985 1.806280 1.764460 1.822115 1.723179 1.730210 1.775508 1.737148 1.740619 1.723437 
