12 10
50
0.001935 0.001850 0.001939 0.001841 0.001923 0.001837 0.001885 0.001785 0.001813 0.001838 
80
0.006146 0.006327 0.006100 0.005891 0.006364 0.006305 0.006259 0.006042 0.006089 0.006182 
100
0.010214 0.010205 0.010213 0.009967 0.009672 0.010284 0.010086 0.010225 0.010404 0.009818 
200
0.043094 0.044736 0.043681 0.045282 0.043816 0.043224 0.044765 0.041517 0.044141 0.046961 
300
0.103227 0.105586 0.103872 0.107386 0.105635 0.103565 0.102244 0.100810 0.106075 0.103315 
400
0.195365 0.184258 0.195499 0.192178 0.190200 0.195212 0.189066 0.194187 0.191262 0.187447 
500
0.293777 0.295625 0.302936 0.306714 0.308300 0.318590 0.289805 0.304579 0.311116 0.315982 
600
0.458145 0.455002 0.437374 0.424903 0.451859 0.439109 0.428093 0.449946 0.447975 0.446968 
800
0.813509 0.844112 0.831115 0.812656 0.834661 0.847701 0.814807 0.823905 0.815350 0.819035 
1000
1.372012 1.354962 1.389659 1.349742 1.373187 1.402028 1.363929 1.343040 1.391362 1.404691 
1500
3.466944 3.670166 3.591140 3.566978 3.660853 3.589314 3.483835 3.720243 3.669795 3.604677 
2000
6.672262 6.655513 6.555276 6.616591 6.763213 6.837939 6.644276 6.790248 6.972734 6.794539 
