12 10
50
0.001798 0.001731 0.001721 0.001698 0.001793 0.001746 0.001840 0.001705 0.001769 0.001745 
80
0.004897 0.004799 0.004699 0.004891 0.004837 0.004800 0.004797 0.004931 0.004824 0.004890 
100
0.007548 0.007735 0.007949 0.007746 0.007564 0.007523 0.007598 0.007786 0.007798 0.007882 
200
0.029136 0.029829 0.028527 0.029670 0.029577 0.027981 0.029169 0.029145 0.029392 0.027780 
300
0.059732 0.063503 0.062359 0.059495 0.064290 0.061784 0.061136 0.061194 0.061764 0.060412 
400
0.107315 0.113208 0.106710 0.107737 0.106973 0.108727 0.109828 0.107188 0.106952 0.104523 
500
0.159644 0.167841 0.161071 0.162695 0.169320 0.169751 0.166505 0.163967 0.166204 0.164656 
600
0.239681 0.241071 0.239543 0.246235 0.232683 0.242718 0.233624 0.235492 0.229780 0.230154 
800
0.414516 0.427410 0.438742 0.428912 0.404625 0.441983 0.422578 0.430495 0.434420 0.417958 
1000
0.670476 0.697455 0.694085 0.697493 0.677291 0.706956 0.680077 0.688990 0.692701 0.723592 
1500
1.774392 1.815261 1.741800 1.732832 1.799106 1.766800 1.799143 1.730819 1.796478 1.801786 
2000
3.518628 3.337379 3.432520 3.281638 3.408024 3.410903 3.400586 3.321576 3.251725 3.298189 
