10 20
50
0.002769 0.002679 0.002637 0.002689 0.002665 0.002642 0.002730 0.002640 0.002660 0.002780 0.002736 0.002764 0.003338 0.003282 0.003304 0.003255 0.003348 0.003296 0.003304 0.003335 
80
0.006734 0.006959 0.006848 0.006737 0.006337 0.006388 0.006364 0.006309 0.006369 0.006309 0.006338 0.006347 0.006131 0.006218 0.006253 0.006083 0.006082 0.006142 0.006221 0.006246 
100
0.010065 0.009996 0.009911 0.010163 0.010175 0.010267 0.010009 0.009547 0.010569 0.010664 0.010207 0.009981 0.010131 0.010040 0.010151 0.009949 0.009811 0.009186 0.009064 0.009099 
200
0.049564 0.048514 0.047104 0.046740 0.047049 0.047188 0.047545 0.047642 0.047256 0.046957 0.047013 0.047014 0.047111 0.047238 0.046877 0.046999 0.046735 0.047595 0.046924 0.047061 
300
0.118001 0.117883 0.118071 0.118552 0.117197 0.117473 0.118187 0.118651 0.117670 0.117735 0.117523 0.117689 0.117927 0.117497 0.117503 0.117878 0.117903 0.117700 0.118488 0.118636 
400
0.223445 0.224322 0.225196 0.231068 0.224724 0.224972 0.225228 0.224225 0.224826 0.223564 0.223935 0.225203 0.223548 0.223472 0.224293 0.224679 0.224666 0.225388 0.224048 0.224648 
500
0.380335 0.379277 0.379015 0.379324 0.377384 0.378528 0.378307 0.379403 0.380425 0.378547 0.378065 0.379005 0.379257 0.380436 0.379538 0.380848 0.379745 0.378456 0.380550 0.378371 
600
0.574314 0.573326 0.576380 0.573790 0.573815 0.572281 0.572104 0.573355 0.573298 0.575609 0.574194 0.573988 0.574199 0.572991 0.574306 0.574296 0.575358 0.572885 0.573417 0.575666 
800
1.124382 1.119593 1.133592 1.123473 1.142228 1.125715 1.119471 1.158686 1.119656 1.121567 1.122892 1.117109 1.121240 1.116531 1.119252 1.122545 1.118638 1.118688 1.114132 1.119625 
1000
1.968251 1.972105 1.960919 1.961127 1.957521 1.952792 1.963770 1.971204 1.965263 1.966483 1.973550 1.968781 1.968993 1.965685 1.958139 1.967766 1.957111 1.969870 1.962709 1.959442 
