10 20
50
0.005093 0.005023 0.004997 0.004987 0.005006 0.005050 0.005058 0.004937 0.005047 0.005059 0.004948 0.005042 0.005017 0.005013 0.005042 0.004925 0.005025 0.005062 0.004959 0.005018 
80
0.014094 0.014277 0.014166 0.014153 0.014153 0.014308 0.014092 0.014129 0.014257 0.014121 0.014169 0.014126 0.014159 0.014109 0.014276 0.014127 0.014130 0.014198 0.014476 0.014142 
100
0.019592 0.019679 0.019847 0.019585 0.019525 0.019642 0.019500 0.019560 0.019463 0.019465 0.019680 0.019678 0.019491 0.019511 0.019446 0.019448 0.019492 0.019494 0.019570 0.019561 
200
0.079083 0.079277 0.078802 0.078833 0.079059 0.079006 0.078873 0.079434 0.079945 0.078852 0.078786 0.078917 0.078794 0.079358 0.079558 0.078995 0.079006 0.078942 0.078912 0.079412 
300
0.181329 0.180353 0.181254 0.180514 0.180444 0.181446 0.180631 0.180379 0.181537 0.180413 0.180774 0.182004 0.180378 0.181396 0.180548 0.180393 0.181362 0.180181 0.180366 0.181416 
400
0.325978 0.326741 0.326614 0.325600 0.326660 0.326374 0.325328 0.326981 0.327266 0.325074 0.326648 0.326704 0.325329 0.327027 0.328091 0.325277 0.326717 0.326614 0.325398 0.326580 
500
0.534521 0.534484 0.534457 0.533834 0.534890 0.535779 0.534008 0.533801 0.534074 0.534035 0.533489 0.534970 0.533684 0.534784 0.534158 0.534889 0.534593 0.535873 0.534300 0.534789 
600
0.790662 0.792825 0.791406 0.790801 0.791578 0.790362 0.791748 0.791563 0.791328 0.792820 0.789881 0.791874 0.792308 0.791690 0.792710 0.790435 0.792305 0.791728 0.790465 0.793010 
800
1.495631 1.496708 1.494964 1.496273 1.496798 1.497310 1.494070 1.498093 1.495750 1.496141 1.496527 1.492773 1.494914 1.495652 1.496155 1.494909 1.497093 1.495207 1.496136 1.493711 
1000
2.567690 2.561567 2.567528 2.562804 2.562422 2.559961 2.567194 2.563467 2.563298 2.562155 2.564833 2.561376 2.565365 2.561848 2.563507 2.562033 2.562570 2.564393 2.563395 2.562662 
