10 20
50
0.007791 0.007701 0.007703 0.007652 0.007699 0.007612 0.007792 0.007752 0.007669 0.007777 0.007564 0.007630 0.007651 0.007664 0.007665 0.007511 0.007627 0.007813 0.007560 0.007640 
80
0.027511 0.027574 0.027461 0.027545 0.027455 0.027619 0.027350 0.027814 0.027701 0.027544 0.027524 0.027568 0.027397 0.027202 0.027298 0.027245 0.027268 0.027642 0.027214 0.027474 
100
0.048536 0.048614 0.048571 0.048747 0.048232 0.049611 0.048377 0.048343 0.048511 0.048467 0.048777 0.048497 0.048398 0.049549 0.048135 0.048882 0.048459 0.048318 0.048363 0.049187 
200
0.127157 0.125619 0.126838 0.128547 0.127516 0.125854 0.129173 0.127765 0.126343 0.127951 0.128561 0.125140 0.126681 0.127490 0.124426 0.125580 0.126045 0.128678 0.126461 0.126828 
300
0.235064 0.232359 0.235092 0.237156 0.232412 0.234567 0.232410 0.233140 0.234193 0.235799 0.231151 0.235577 0.233379 0.236493 0.234192 0.237005 0.231851 0.237620 0.239365 0.235326 
400
0.369486 0.362776 0.372654 0.377024 0.367921 0.369771 0.368231 0.373211 0.370689 0.375728 0.374749 0.368856 0.368390 0.371294 0.371244 0.371171 0.370436 0.365822 0.369907 0.372764 
500
0.550066 0.555679 0.541224 0.558000 0.551353 0.542204 0.565830 0.552436 0.547996 0.541607 0.543519 0.548483 0.541596 0.545890 0.550090 0.547808 0.548441 0.554066 0.543368 0.552353 
600
0.761540 0.749112 0.758149 0.749352 0.767239 0.748304 0.759051 0.752195 0.754231 0.750570 0.761074 0.769134 0.751640 0.754770 0.738141 0.752281 0.751856 0.753914 0.755850 0.754374 
800
1.260571 1.282173 1.285915 1.267736 1.264020 1.263973 1.278272 1.282953 1.264192 1.271949 1.273529 1.279006 1.260948 1.267800 1.286850 1.263366 1.282075 1.275237 1.252367 1.268376 
1000
1.990851 1.986273 1.985714 1.993620 2.013670 1.999243 2.014871 2.015286 2.014577 1.984255 1.998502 2.017729 2.016087 2.003787 1.974581 2.016135 2.014589 2.017491 2.035312 2.001589 
