10 20
50
0.009526 0.009474 0.009417 0.009415 0.009330 0.009495 0.009482 0.009323 0.009441 0.009595 0.009344 0.009488 0.009400 0.009459 0.009519 0.009321 0.009418 0.009526 0.009322 0.009535 
80
0.036520 0.037253 0.036522 0.036297 0.036407 0.036511 0.036280 0.036174 0.036338 0.036174 0.036101 0.036204 0.036171 0.036176 0.037076 0.036117 0.036150 0.036327 0.036490 0.036451 
100
0.067901 0.068079 0.067804 0.068084 0.068498 0.068327 0.068121 0.068526 0.069005 0.067649 0.068175 0.069125 0.067797 0.067879 0.068011 0.067838 0.067747 0.067912 0.067864 0.068787 
200
0.409851 0.411299 0.410333 0.409328 0.408642 0.410002 0.408576 0.409548 0.409754 0.409396 0.410398 0.409576 0.410376 0.410183 0.409993 0.410393 0.410691 0.410139 0.411541 0.410570 
300
1.017157 1.021148 1.017088 1.016773 1.015783 1.016066 1.016742 1.017084 1.017970 1.015960 1.016386 1.016121 1.016939 1.016797 1.017336 1.018002 1.016962 1.017033 1.016028 1.016478 
400
1.927059 1.923633 1.925826 1.925401 1.925184 1.973674 1.919058 1.919382 1.918078 1.917849 1.916305 1.919136 1.918684 1.918419 1.918937 1.919659 1.916633 1.916372 1.915953 1.915389 
500
3.256016 3.255021 3.251330 3.252531 3.254066 3.253916 3.252488 3.251495 3.252797 3.255691 3.251815 3.256858 3.254970 3.254505 3.254639 3.257792 3.253953 3.255949 3.256090 3.258294 
600
4.919045 4.915447 4.915831 4.918486 4.917130 4.920987 4.918367 4.919745 4.923501 4.917927 4.920333 4.920735 4.920227 4.917071 4.917902 4.916347 4.923582 4.919801 4.916343 4.915547 
800
9.478965 9.658590 9.664080 9.530552 9.517741 9.510893 9.588235 9.520143 9.502298 9.507161 9.476119 9.473942 9.476251 9.481870 9.488976 9.472515 9.492674 9.524098 9.506287 9.507473 
1000
16.375407 16.362736 16.353412 16.370553 16.353582 16.530033 16.349814 16.443674 16.357422 16.377265 16.372733 16.362570 16.417021 16.405819 16.358000 16.373058 16.347967 16.346394 16.352150 16.363665 
