10 20
50
0.011526 0.011662 0.011388 0.011266 0.011170 0.011161 0.011203 0.010954 0.011168 0.011214 0.011072 0.011162 0.011042 0.011220 0.011162 0.010977 0.011132 0.011213 0.011045 0.011211 
80
0.044899 0.045113 0.045396 0.045210 0.044980 0.045134 0.045927 0.044990 0.045268 0.045394 0.044935 0.045242 0.045059 0.045140 0.045233 0.045000 0.045276 0.046114 0.044809 0.044914 
100
0.087587 0.088207 0.087741 0.088026 0.088684 0.088378 0.087752 0.087689 0.087197 0.087753 0.087101 0.087433 0.086909 0.088160 0.086681 0.088322 0.087038 0.087807 0.087251 0.087868 
200
0.629766 0.623635 0.626246 0.626940 0.627910 0.626824 0.627049 0.623385 0.626459 0.629160 0.626907 0.633823 0.624567 0.623734 0.626288 0.626245 0.627509 0.625879 0.625794 0.623425 
300
1.596469 1.598747 1.596463 1.604992 1.603127 1.592261 1.600995 1.599587 1.595780 1.599879 1.594516 1.595603 1.596956 1.600456 1.600351 1.644432 1.592016 1.591581 1.598176 1.599594 
400
2.368370 2.386359 2.396957 2.376604 2.403647 2.395094 2.389213 2.380037 2.375714 2.387027 2.401338 2.382500 2.372271 2.373084 2.376792 2.389518 2.379052 2.373609 2.405422 2.375924 
500
3.265131 3.279946 3.247217 3.268366 3.282032 3.283541 3.288060 3.266123 3.274473 3.244729 3.255978 3.252451 3.264452 3.286213 3.256216 3.253061 3.288983 3.270061 3.263784 3.227437 
600
4.448846 4.440681 4.406612 4.419792 4.435084 4.436322 4.438963 4.428344 4.474526 4.432016 4.474710 4.445474 4.419065 4.427427 4.432932 4.442450 4.421305 4.416293 4.452520 4.427259 
800
7.496912 7.452239 7.514380 7.511547 7.499321 7.462289 7.400364 7.489388 7.473223 7.477767 7.433118 7.453278 7.495888 7.462194 7.514502 7.488173 7.441073 7.488615 7.492416 7.436070 
1000
11.796623 11.749505 11.860795 11.761973 11.871131 11.817725 11.859840 11.821230 11.810506 11.805963 11.893342 11.819765 11.852596 11.854734 11.859285 11.873700 11.913373 11.815157 11.790954 11.897681 
