10 20
50
0.007571 0.007535 0.007526 0.007485 0.007528 0.007514 0.007562 0.007427 0.007513 0.007574 0.007495 0.007542 0.007532 0.007574 0.007543 0.007431 0.007484 0.007586 0.007449 0.007530 
80
0.027606 0.027791 0.027773 0.027805 0.027715 0.029482 0.027772 0.027962 0.027810 0.027743 0.027653 0.027843 0.027719 0.027631 0.027793 0.027584 0.027779 0.027762 0.027649 0.027594 
100
0.050658 0.051370 0.050845 0.050972 0.050862 0.051105 0.050706 0.050766 0.050617 0.050627 0.052255 0.051363 0.051019 0.050789 0.050830 0.050932 0.050610 0.050941 0.050786 0.050922 
200
0.306978 0.306757 0.306578 0.306505 0.306646 0.306919 0.307038 0.306389 0.307059 0.306661 0.306571 0.306779 0.306223 0.306774 0.306579 0.306794 0.307297 0.306395 0.307519 0.306880 
300
0.655687 0.654730 0.655833 0.655986 0.655241 0.655365 0.655494 0.654531 0.654613 0.655189 0.655221 0.655269 0.655589 0.655195 0.654715 0.655309 0.654590 0.655023 0.656461 0.658026 
400
1.226704 1.227357 1.227108 1.228024 1.225796 1.228420 1.227370 1.226362 1.226134 1.226602 1.226509 1.225583 1.227956 1.226692 1.229171 1.228601 1.227325 1.227550 1.226761 1.230652 
500
2.154618 2.155652 2.153174 2.154077 2.155275 2.153625 2.154495 2.156786 2.155109 2.156293 2.153067 2.153489 2.152732 2.154031 2.155103 2.153816 2.152990 2.156093 2.154010 2.152943 
600
3.324344 3.323676 3.320310 3.320059 3.324101 3.321749 3.323211 3.323785 3.324346 3.325444 3.321325 3.323601 3.322260 3.319068 3.323553 3.325268 3.323610 3.326942 3.323272 3.322575 
800
6.609188 6.574465 6.583687 6.586735 6.580575 6.582371 6.574927 6.590081 6.584025 6.589611 6.581119 6.666217 6.592347 6.590643 6.592655 6.583992 6.594073 6.586295 6.587182 6.584697 
1000
11.571512 11.573973 11.582049 11.559708 11.581172 11.579866 11.579461 11.579835 11.574328 11.566315 11.577295 11.581154 11.583386 11.575200 11.582670 11.583047 11.578708 11.590686 11.589007 11.582988 
