12 20
50
0.001887 0.001899 0.001806 0.001772 0.001748 0.001844 0.001825 0.001762 0.001831 0.001876 0.001841 0.001789 0.001800 0.001914 0.001880 0.001813 0.001788 0.001716 0.001782 0.001729 
80
0.004689 0.004363 0.004529 0.004563 0.004356 0.004621 0.004478 0.004672 0.004433 0.004532 0.004325 0.004559 0.004715 0.004319 0.004408 0.004393 0.004370 0.004498 0.004512 0.004608 
100
0.006909 0.007223 0.006955 0.006511 0.006589 0.006504 0.006563 0.006790 0.006676 0.006715 0.006646 0.006648 0.006804 0.006787 0.006816 0.006729 0.006490 0.006587 0.006829 0.006937 
200
0.021218 0.022692 0.022340 0.021895 0.022163 0.021552 0.021677 0.021035 0.022324 0.022412 0.021887 0.021537 0.022091 0.022423 0.021831 0.021485 0.023526 0.021698 0.021515 0.022015 
300
0.043784 0.042131 0.044479 0.043483 0.042537 0.040348 0.042911 0.043078 0.042799 0.044416 0.041687 0.041475 0.041380 0.041939 0.041488 0.041751 0.042244 0.043542 0.042016 0.042660 
400
0.068810 0.070873 0.071652 0.068041 0.069516 0.066884 0.065792 0.071995 0.067717 0.069058 0.068857 0.066637 0.071932 0.068698 0.068350 0.069005 0.067536 0.067128 0.068511 0.068538 
500
0.102782 0.107239 0.103477 0.105446 0.100265 0.104029 0.105739 0.101674 0.100742 0.099977 0.104772 0.103379 0.100784 0.100522 0.104391 0.105188 0.102569 0.103005 0.099054 0.102197 
600
0.147835 0.136453 0.138053 0.141962 0.140498 0.142737 0.137508 0.142218 0.144524 0.141629 0.143570 0.140556 0.141851 0.144695 0.135469 0.138794 0.139778 0.144806 0.142673 0.148314 
800
0.248576 0.248658 0.245658 0.236964 0.237505 0.241473 0.240591 0.243431 0.234301 0.240158 0.246324 0.250421 0.246562 0.243925 0.251160 0.240869 0.245879 0.247157 0.239529 0.244011 
1000
0.392272 0.386241 0.389750 0.374327 0.380152 0.392883 0.388906 0.385550 0.384775 0.390369 0.394605 0.393211 0.376509 0.383933 0.391655 0.389189 0.380483 0.375439 0.385265 0.376245 
1500
0.921232 0.930637 0.904303 0.920795 0.913537 0.918547 0.933353 0.947286 0.942151 0.956813 0.966313 0.919495 0.948058 0.963680 0.950545 0.941590 0.947827 0.883808 0.928153 0.945591 
2000
1.743918 1.788107 1.759787 1.764207 1.805992 1.804566 1.814540 1.813615 1.772986 1.801120 1.746174 1.772470 1.798748 1.773944 1.825492 1.848795 1.769609 1.788634 1.825365 1.811766 
