12 20
50
0.001542 0.001465 0.001486 0.001456 0.001459 0.001447 0.001489 0.001459 0.001462 0.001467 0.001474 0.001470 0.001488 0.001452 0.001467 0.001464 0.001465 0.001490 0.001439 0.001505 
80
0.004288 0.004264 0.004260 0.004234 0.004284 0.004264 0.004248 0.004257 0.004283 0.004251 0.004221 0.004245 0.004226 0.004282 0.004248 0.004255 0.004241 0.004234 0.004289 0.004230 
100
0.007082 0.007154 0.007081 0.007112 0.007149 0.007085 0.007107 0.007090 0.007067 0.007096 0.007063 0.007061 0.007132 0.007096 0.007079 0.007091 0.007076 0.007134 0.007109 0.007054 
200
0.032148 0.032192 0.032007 0.032404 0.032332 0.032864 0.032188 0.032211 0.032039 0.032081 0.032113 0.032023 0.031997 0.032018 0.031989 0.032052 0.032027 0.032024 0.032334 0.032270 
300
0.070782 0.071177 0.070776 0.070727 0.070821 0.070840 0.072320 0.070924 0.071638 0.070741 0.070712 0.070704 0.070991 0.072042 0.070680 0.070640 0.070776 0.070689 0.070694 0.071005 
400
0.124423 0.124050 0.123573 0.123991 0.124590 0.124089 0.123696 0.124782 0.124651 0.123945 0.124294 0.124652 0.123883 0.124268 0.123990 0.124862 0.123685 0.124304 0.123953 0.125252 
500
0.193967 0.193808 0.194728 0.194165 0.194577 0.194074 0.194271 0.195718 0.194002 0.195296 0.193558 0.193944 0.195168 0.193821 0.194812 0.193524 0.194437 0.194447 0.193613 0.195409 
600
0.278852 0.280959 0.279496 0.280545 0.280044 0.279397 0.280558 0.279285 0.279958 0.279405 0.280195 0.279718 0.279223 0.279595 0.279191 0.280435 0.279883 0.278474 0.280377 0.279006 
800
0.498425 0.498174 0.498582 0.498446 0.498437 0.498180 0.498000 0.498539 0.499713 0.497607 0.498316 0.498735 0.500447 0.498675 0.498548 0.498544 0.499537 0.498576 0.497838 0.496918 
1000
0.811795 0.811196 0.810463 0.810143 0.816103 0.814672 0.816828 0.814015 0.812827 0.814123 0.812652 0.811824 0.811333 0.813663 0.810994 0.810616 0.809642 0.812696 0.813349 0.809388 
1500
2.035782 2.028025 2.028238 2.029856 2.037734 2.031231 2.036027 2.028080 2.031184 2.035691 2.032369 2.031854 2.032931 2.027018 2.026957 2.026104 2.033078 2.026337 2.022146 2.027331 
2000
3.970260 3.970244 3.989020 3.981928 3.975057 3.981634 3.960416 3.984856 3.972546 3.969396 3.973900 3.967031 3.981259 3.987104 3.963026 3.990132 3.989906 3.984328 3.992440 3.946090 
