12 20
50
0.004273 0.004249 0.004174 0.004194 0.004178 0.004173 0.004220 0.004159 0.004251 0.004251 0.004171 0.004214 0.004177 0.004163 0.004233 0.004181 0.004214 0.004233 0.004151 0.004196 
80
0.010291 0.010316 0.010261 0.010227 0.010187 0.010257 0.010244 0.010277 0.010285 0.010198 0.010235 0.010313 0.010241 0.010174 0.010318 0.010256 0.010300 0.010233 0.010219 0.010234 
100
0.014106 0.014132 0.014066 0.014087 0.014669 0.014314 0.014196 0.014101 0.014111 0.014044 0.014067 0.014062 0.014092 0.014087 0.014233 0.014174 0.013987 0.013927 0.013983 0.014050 
200
0.044400 0.044519 0.044606 0.044599 0.044512 0.044445 0.045388 0.044670 0.044657 0.044507 0.044482 0.044464 0.044463 0.044419 0.044558 0.044482 0.044479 0.045542 0.044644 0.044733 
300
0.085094 0.085005 0.085331 0.085014 0.086100 0.084976 0.084888 0.084950 0.085091 0.084943 0.086847 0.085134 0.085301 0.085301 0.085283 0.086221 0.085998 0.085110 0.085302 0.085235 
400
0.137592 0.138114 0.137366 0.137471 0.138705 0.137182 0.137351 0.137246 0.138443 0.137343 0.137391 0.137798 0.137606 0.137438 0.137186 0.138171 0.137386 0.137320 0.137790 0.137594 
500
0.204517 0.205952 0.204469 0.204402 0.205275 0.204480 0.205368 0.204432 0.205138 0.204923 0.204417 0.205551 0.204468 0.206144 0.204478 0.204315 0.208066 0.205390 0.205465 0.204548 
600
0.284317 0.283331 0.284114 0.282535 0.284245 0.284183 0.284238 0.285012 0.283188 0.285158 0.284197 0.290581 0.283394 0.282367 0.283168 0.282810 0.283845 0.283418 0.282870 0.283437 
800
0.480722 0.480377 0.480991 0.481117 0.480654 0.481085 0.480996 0.481096 0.481794 0.481577 0.481175 0.480666 0.480723 0.481097 0.482392 0.481523 0.482173 0.485086 0.481971 0.481894 
1000
0.767279 0.766224 0.768932 0.767996 0.767736 0.765799 0.767218 0.769853 0.766898 0.769183 0.767964 0.766792 0.766683 0.767244 0.765881 0.766865 0.766475 0.766369 0.765551 0.766045 
1500
1.849261 1.847516 1.853370 1.847925 1.856708 1.847556 1.850499 1.853802 1.852820 1.856636 1.942825 1.845930 1.844959 1.858054 1.844778 1.903916 1.857032 1.848658 1.844549 1.854289 
2000
3.557796 3.537032 3.572708 3.560909 3.544261 3.585286 3.541021 3.546177 3.535186 3.560816 3.537359 3.552698 3.530229 3.544391 3.568122 3.550621 3.547723 3.554215 3.546909 3.541175 
