12 20
50
0.003883 0.003816 0.003773 0.003758 0.003864 0.003818 0.003863 0.003754 0.003864 0.003925 0.003842 0.003790 0.003746 0.003793 0.003800 0.003775 0.003830 0.003913 0.003791 0.003828 
80
0.007379 0.007461 0.007803 0.007698 0.007610 0.007714 0.007392 0.007668 0.007417 0.007464 0.007724 0.007454 0.007176 0.007926 0.007445 0.007690 0.007544 0.008057 0.007695 0.007547 
100
0.009096 0.009373 0.009166 0.008898 0.009120 0.008980 0.009539 0.008993 0.008930 0.009233 0.009240 0.009252 0.008894 0.008986 0.008846 0.009066 0.009081 0.008929 0.009417 0.008727 
200
0.027098 0.025938 0.025766 0.026429 0.026444 0.026538 0.026749 0.026852 0.026967 0.026643 0.028937 0.026700 0.026862 0.026142 0.025872 0.026306 0.026190 0.026259 0.027477 0.026298 
300
0.047711 0.050388 0.049678 0.051934 0.052994 0.050167 0.048426 0.050940 0.051131 0.049793 0.050141 0.049114 0.050361 0.053864 0.050012 0.050835 0.051396 0.051216 0.049963 0.047453 
400
0.080599 0.081032 0.078016 0.077916 0.079708 0.078951 0.079685 0.078836 0.079439 0.077668 0.080559 0.079306 0.078989 0.079808 0.077768 0.081469 0.078080 0.079738 0.077875 0.075584 
500
0.115327 0.115941 0.115756 0.117034 0.115309 0.116230 0.115082 0.119308 0.116091 0.116254 0.119707 0.119474 0.117318 0.116587 0.117187 0.117723 0.119654 0.117786 0.115938 0.115043 
600
0.163993 0.162084 0.166786 0.156734 0.159376 0.161983 0.162764 0.160773 0.161394 0.162282 0.161168 0.167285 0.168737 0.156912 0.168916 0.160242 0.159543 0.160433 0.156112 0.164326 
800
0.280047 0.283747 0.260412 0.272957 0.278773 0.276196 0.267969 0.275095 0.279796 0.269700 0.273058 0.273120 0.275056 0.276469 0.274018 0.270575 0.277224 0.265657 0.268396 0.274823 
1000
0.427884 0.433409 0.440288 0.427976 0.442408 0.436372 0.410611 0.434939 0.446175 0.432749 0.419323 0.437936 0.429960 0.446718 0.434496 0.438369 0.429161 0.433341 0.436615 0.424976 
1500
1.044589 1.037270 1.032148 1.062094 1.059612 1.076449 1.055064 1.047430 1.078013 1.050038 1.070507 1.063597 1.028430 1.025370 1.068507 1.041957 1.063476 1.042437 1.068606 1.008371 
2000
2.027204 2.023992 1.976803 2.011346 2.044317 1.997968 2.006772 2.016086 1.949484 2.048389 1.978793 2.001858 2.002851 2.063367 2.046407 1.965057 2.039384 1.983292 2.004842 1.959525 
