12 20
50
0.001755 0.001718 0.001681 0.001671 0.001684 0.001684 0.001702 0.001661 0.001705 0.001707 0.001723 0.001738 0.001667 0.001687 0.001693 0.001677 0.001689 0.001698 0.001686 0.001682 
80
0.004296 0.004244 0.004232 0.004255 0.004215 0.004269 0.004254 0.004261 0.004246 0.004248 0.004257 0.004264 0.004236 0.004224 0.004275 0.004269 0.004258 0.004246 0.004226 0.004244 
100
0.006330 0.006337 0.006364 0.006308 0.006315 0.006355 0.006318 0.006329 0.006324 0.006289 0.006313 0.006326 0.006370 0.006329 0.006282 0.006331 0.006278 0.006282 0.006366 0.006356 
200
0.021706 0.020902 0.020916 0.020892 0.020907 0.021390 0.021060 0.020918 0.020882 0.020854 0.020947 0.020897 0.020897 0.020930 0.020971 0.021353 0.021038 0.020910 0.020892 0.020913 
300
0.040227 0.041184 0.040247 0.040243 0.040656 0.040399 0.040214 0.040212 0.040221 0.040276 0.040242 0.040197 0.040256 0.041186 0.040626 0.040288 0.040591 0.040266 0.040362 0.040241 
400
0.065061 0.065454 0.065064 0.065760 0.064955 0.065501 0.065202 0.065055 0.065071 0.065006 0.065426 0.065867 0.065434 0.065136 0.065045 0.065096 0.064973 0.065086 0.065758 0.064924 
500
0.097302 0.097356 0.097217 0.098289 0.097612 0.097250 0.097221 0.097221 0.098436 0.100677 0.097461 0.097195 0.097206 0.099140 0.097612 0.097266 0.097411 0.097232 0.098517 0.097652 
600
0.135042 0.134863 0.135972 0.135088 0.134911 0.134673 0.136478 0.135023 0.134848 0.136150 0.135196 0.135108 0.134813 0.135988 0.135503 0.134970 0.136114 0.135262 0.134971 0.134851 
800
0.232449 0.230901 0.232471 0.231026 0.232838 0.231113 0.232049 0.230868 0.231832 0.231874 0.273323 0.251329 0.232593 0.231671 0.232165 0.233372 0.232427 0.233101 0.232743 0.232943 
1000
0.371307 0.370141 0.370145 0.369936 0.369237 0.368853 0.370234 0.369085 0.369447 0.369457 0.369657 0.370138 0.370874 0.370876 0.370029 0.370928 0.371086 0.370909 0.370038 0.371198 
1500
0.899461 0.897428 0.897477 0.899010 0.897917 0.898572 0.898353 0.898769 0.911685 0.892986 0.894347 0.898733 0.897430 0.896270 0.894010 0.891372 0.894465 0.896368 0.896988 0.898712 
2000
1.715633 1.718711 1.713306 1.716813 1.716833 1.719197 1.723933 1.720795 1.711032 1.724615 1.726916 1.726961 1.720302 1.720785 1.719271 1.722485 1.720685 1.727435 1.728141 1.721103 
