12 20
50
0.002719 0.002679 0.002611 0.002641 0.002624 0.002584 0.002656 0.002593 0.002629 0.002646 0.002635 0.002617 0.002603 0.002616 0.002628 0.002571 0.002655 0.002715 0.002584 0.002653 
80
0.004232 0.004206 0.004197 0.004221 0.004189 0.004215 0.004180 0.004250 0.004175 0.004177 0.004240 0.004209 0.004199 0.004185 0.004203 0.004173 0.004236 0.004173 0.004197 0.004163 
100
0.005703 0.005759 0.005715 0.005688 0.005698 0.005733 0.005701 0.005690 0.005673 0.005666 0.005667 0.006264 0.005926 0.005752 0.005712 0.005786 0.005694 0.005786 0.005685 0.005676 
200
0.019360 0.019253 0.019268 0.019222 0.019304 0.019552 0.019263 0.019503 0.019242 0.019260 0.019261 0.019251 0.019287 0.019234 0.019251 0.019303 0.019336 0.019260 0.019305 0.019331 
300
0.045140 0.044596 0.044325 0.044222 0.044668 0.044439 0.044692 0.044386 0.044327 0.044426 0.044290 0.045263 0.044832 0.044253 0.044668 0.044388 0.044217 0.044349 0.044241 0.044228 
400
0.078855 0.079860 0.078814 0.079207 0.078936 0.078957 0.078817 0.080000 0.078840 0.079972 0.078950 0.078832 0.079301 0.079941 0.078921 0.079245 0.078826 0.079032 0.079282 0.079674 
500
0.126195 0.125498 0.126347 0.126416 0.126947 0.125762 0.126496 0.125855 0.125872 0.125829 0.126176 0.125802 0.126170 0.125883 0.126878 0.125942 0.125674 0.126067 0.126522 0.125976 
600
0.182434 0.182403 0.182246 0.182884 0.182221 0.181148 0.183220 0.181787 0.181145 0.182441 0.181953 0.182891 0.181700 0.181488 0.182417 0.182161 0.182657 0.181768 0.181804 0.182930 
800
0.328026 0.328626 0.328955 0.328015 0.327533 0.328902 0.328572 0.326006 0.328376 0.328015 0.326662 0.327739 0.327932 0.325996 0.328414 0.327531 0.326427 0.326920 0.328288 0.328780 
1000
0.541411 0.539793 0.540134 0.539987 0.542411 0.539644 0.538702 0.538958 0.538141 0.541249 0.542084 0.543574 0.541201 0.544301 0.545101 0.543818 0.541414 0.541280 0.544690 0.542457 
1500
1.365786 1.362461 1.360842 1.366895 1.365752 1.359678 1.359241 1.354819 1.353661 1.358970 1.360454 1.361995 1.356501 1.361761 1.356614 1.352791 1.353768 1.355764 1.356984 1.357452 
2000
2.661627 2.671665 2.673743 2.679856 2.662981 2.671548 2.675906 2.658773 2.678957 2.680904 2.674670 2.686272 2.662048 2.673036 2.676731 2.655965 2.663144 2.660252 2.674814 2.754625 
