16 10
4
0.708920 0.519994 0.535879 0.536345 0.529256 0.542505 0.520634 0.534075 0.521564 0.520977 
8
0.452871 0.448167 0.454077 0.467394 0.508002 0.522132 0.620481 0.492417 0.469723 0.526026 
12
0.551635 0.554987 0.534531 0.534238 0.579259 0.504341 0.524842 0.516626 0.531505 0.496512 
16
0.567583 0.559597 0.558050 0.570723 0.565590 0.605613 0.522856 0.587253 0.528164 0.601459 
20
0.644387 0.630746 0.557711 0.602490 0.568489 0.577764 0.567052 0.550177 0.631664 0.625566 
24
0.626262 0.619327 0.598455 0.603673 0.589777 0.607622 0.608295 0.618820 0.608992 0.607436 
28
0.667411 0.668108 0.728045 0.736657 0.715446 0.686078 0.729839 0.673489 0.713471 0.668757 
32
0.735801 0.655160 0.687303 0.702324 0.685051 0.664523 0.660592 0.686652 0.653924 0.673377 
36
0.686433 0.713954 0.662169 0.678523 0.697953 0.675330 0.673243 0.677728 0.678395 0.675584 
40
0.689213 0.710865 0.696460 0.686676 0.718903 0.697950 0.693193 0.710832 0.704715 0.698166 
44
0.718968 0.703105 0.737694 0.736843 0.731168 0.715011 0.710752 0.744573 0.733209 0.734304 
48
0.739803 0.758211 0.732775 0.733877 0.734484 0.727469 0.752907 0.742490 0.741193 0.747941 
52
0.780682 0.771502 0.781097 0.768425 0.775468 0.752235 0.771341 0.780444 0.774183 0.767815 
56
0.761742 0.778153 0.776609 0.752070 0.776506 0.763288 0.774393 0.762395 0.756622 0.768853 
60
0.772807 0.789794 0.804812 0.772291 0.771308 0.782051 0.804667 0.773429 0.770184 0.781030 
64
0.811033 0.790785 0.775143 0.789874 0.797047 0.817310 0.810108 0.810036 0.793010 0.814442 
