16 10
4
0.169766 0.188593 0.164870 0.169390 0.165434 0.164336 0.167259 0.161381 0.165044 0.170014 
8
0.131787 0.133481 0.133424 0.132960 0.132868 0.132104 0.133497 0.131217 0.127634 0.132372 
12
0.132578 0.134731 0.135435 0.131814 0.135413 0.138982 0.133108 0.134492 0.132470 0.132819 
16
0.140954 0.139648 0.143335 0.146426 0.145492 0.146510 0.142467 0.145525 0.142850 0.141299 
20
0.146723 0.146434 0.147858 0.145909 0.144560 0.147687 0.151630 0.147031 0.149872 0.145629 
24
0.161267 0.160803 0.157683 0.160595 0.160921 0.162127 0.157872 0.159137 0.158827 0.159418 
28
0.171576 0.173620 0.167093 0.171613 0.173621 0.168102 0.170530 0.171144 0.174775 0.168438 
32
0.180579 0.175754 0.170232 0.173378 0.177372 0.177503 0.182659 0.175936 0.176518 0.179873 
36
0.181738 0.181756 0.178393 0.183700 0.181263 0.185953 0.180995 0.180837 0.183546 0.188528 
40
0.182048 0.191188 0.190462 0.189828 0.194075 0.192494 0.191366 0.190976 0.186975 0.189196 
44
0.199818 0.202434 0.202910 0.203206 0.200599 0.196627 0.199448 0.200142 0.202241 0.198833 
48
0.201899 0.207552 0.206731 0.210413 0.206343 0.206935 0.211673 0.209028 0.203834 0.211274 
52
0.208809 0.205678 0.208943 0.204505 0.206004 0.206912 0.208953 0.210889 0.205685 0.202990 
56
0.207101 0.210995 0.208393 0.210132 0.204261 0.208394 0.203544 0.208893 0.201567 0.202250 
60
0.224190 0.217943 0.223397 0.216220 0.217891 0.213988 0.213090 0.213493 0.219992 0.221023 
64
0.222594 0.216686 0.219448 0.225090 0.211912 0.220173 0.218305 0.219690 0.225013 0.220990 
