16 10
4
1.470546 1.323248 1.317987 1.301570 1.300366 1.264502 1.310668 1.289351 1.350478 1.336039 
8
1.149044 1.166350 1.190810 1.173289 1.160770 1.177663 1.198696 1.213112 1.204977 1.160949 
12
1.205523 1.140563 1.186773 1.194332 1.210411 1.125654 1.162257 1.176822 1.171734 1.207667 
16
1.223389 1.210997 1.227300 1.223312 1.218513 1.213487 1.231001 1.229856 1.228904 1.202413 
20
1.337937 1.300043 1.323690 1.346845 1.297405 1.289355 1.327794 1.314871 1.314938 1.366732 
24
1.420232 1.446050 1.404669 1.416153 1.429445 1.401402 1.427784 1.405193 1.429128 1.438925 
28
1.523103 1.500911 1.515806 1.535343 1.503193 1.497074 1.491458 1.531617 1.516154 1.459655 
32
1.637654 1.593537 1.652451 1.639901 1.627318 1.644762 1.589060 1.624528 1.624036 1.652534 
36
1.681510 1.680874 1.658336 1.628481 1.679295 1.683553 1.657813 1.613378 1.716291 1.696037 
40
1.714011 1.671338 1.705510 1.746583 1.724329 1.716511 1.737718 1.696988 1.747842 1.708295 
44
1.809062 1.810332 1.766116 1.809052 1.818648 1.799114 1.796980 1.782196 1.792547 1.835714 
48
1.869345 1.888921 1.861424 1.815417 1.896579 1.859316 1.868425 1.823052 1.839825 1.882677 
52
1.850951 1.893270 1.881006 1.873950 1.894110 1.851899 1.878890 1.883725 1.850345 1.862340 
56
1.912759 1.912308 1.906642 1.924654 1.856833 1.917021 1.949508 1.836680 1.905913 1.912157 
60
1.916537 1.958677 1.888807 1.905540 1.927556 1.894878 1.906207 1.874585 1.916268 1.880697 
64
1.997206 1.970182 1.943279 1.977906 1.969598 1.964265 1.935244 1.916494 1.908100 2.024614 
